-3.5	448.229
-3.48	452.043
-3.46	457.766
-3.44	461.58
-3.42	463.488
-3.4	467.302
-3.38	473.024
-3.36	474.932
-3.34	482.561
-3.32	488.285
-3.3	492.1
-3.28	497.822
-3.26	501.636
-3.24	507.358
-3.22	511.173
-3.2	513.081
-3.18	516.895
-3.16	518.803
-3.14	522.617
-3.12	526.432
-3.1	526.432
-3.08	528.339
-3.06	528.339
-3.04	530.247
-3.02	534.061
-3	534.061
-2.98	535.969
-2.96	535.969
-2.94	537.876
-2.92	539.783
-2.9	539.783
-2.88	539.783
-2.86	541.691
-2.84	541.691
-2.82	543.598
-2.8	543.598
-2.78	543.598
-2.76	545.505
-2.74	545.505
-2.72	545.505
-2.7	545.505
-2.68	543.598
-2.66	543.598
-2.64	543.598
-2.62	543.598
-2.6	541.691
-2.58	541.691
-2.56	541.691
-2.54	541.691
-2.52	541.691
-2.5	541.691
-2.48	541.691
-2.46	539.783
-2.44	539.783
-2.42	539.783
-2.4	539.783
-2.38	537.876
-2.36	535.969
-2.34	535.969
-2.32	532.154
-2.3	530.247
-2.28	526.432
-2.26	526.432
-2.24	526.432
-2.22	524.525
-2.2	524.525
-2.18	522.617
-2.16	522.617
-2.14	520.71
-2.12	518.803
-2.1	514.988
-2.08	513.081
-2.06	511.173
-2.04	505.451
-2.02	501.636
-2	499.729
-1.98	495.914
-1.96	492.1
-1.94	488.285
-1.92	488.285
-1.9	486.376
-1.88	486.376
-1.86	486.376
-1.84	486.376
-1.82	486.376
-1.8	484.468
-1.78	484.468
-1.76	482.561
-1.74	482.561
-1.72	482.561
-1.7	482.561
-1.68	480.654
-1.66	480.654
-1.64	480.654
-1.62	480.654
-1.6	482.561
-1.58	482.561
-1.56	482.561
-1.54	484.468
-1.52	484.468
-1.5	484.468
-1.48	486.376
-1.46	486.376
-1.44	488.285
-1.42	488.285
-1.4	488.285
-1.38	490.192
-1.36	492.1
-1.34	494.007
-1.32	497.822
-1.3	501.636
-1.28	503.544
-1.26	509.266
-1.24	514.988
-1.22	522.617
-1.2	526.432
-1.18	534.061
-1.16	541.691
-1.14	551.227
-1.12	560.764
-1.1	572.208
-1.08	585.56
-1.06	600.819
-1.04	617.985
-1.02	640.873
-1	667.576
-0.98	701.908
-0.96	741.962
-0.94	782.017
-0.92	822.071
-0.9	862.125
-0.88	904.087
-0.86	944.141
-0.84	976.57
-0.82	991.829
-0.8	984.199
-0.78	955.585
-0.76	909.809
-0.74	850.681
-0.72	783.924
-0.7	717.167
-0.68	656.132
-0.66	600.819
-0.64	553.135
-0.62	514.988
-0.6	480.654
-0.58	453.951
-0.56	431.063
-0.54	410.082
-0.52	394.823
-0.5	381.472
-0.48	370.027
-0.46	360.491
-0.44	352.861
-0.42	345.232
-0.4	337.603
-0.38	329.973
-0.36	326.158
-0.34	320.436
-0.32	314.714
-0.3	310.9
-0.28	305.178
-0.26	303.27
-0.24	297.548
-0.22	293.734
-0.2	289.919
-0.18	289.919
-0.16	286.104
-0.14	282.289
-0.12	280.382
-0.1	276.567
-0.08	276.567
-0.06	274.66
-0.04	272.753
-0.02	270.845
0	268.938
0.02	265.123
0.04	263.216
0.06	263.216
0.08	263.216
0.1	263.216
0.12	261.309
0.14	259.401
0.16	257.494
0.18	257.494
0.2	255.587
0.22	255.587
0.24	253.679
0.26	253.679
0.28	251.772
0.3	251.772
0.32	251.772
0.34	249.865
0.36	249.865
0.38	249.865
0.4	249.865
0.42	249.865
0.44	247.957
0.46	247.957
0.48	246.05
0.5	246.05
0.52	246.05
0.54	246.05
0.56	246.05
0.58	246.05
0.6	244.142
0.62	244.142
0.64	244.142
0.66	244.142
0.68	242.234
0.7	242.234
0.72	242.234
0.74	242.234
0.76	242.234
0.78	240.327
0.8	240.327
0.82	240.327
0.84	240.327
0.86	240.327
0.88	240.327
0.9	240.327
0.92	240.327
0.94	240.327
0.96	240.327
0.98	240.327
1	238.42
1.02	238.42
1.04	238.42
1.06	238.42
1.08	238.42
1.1	238.42
1.12	238.42
1.14	238.42
1.16	238.42
1.18	238.42
1.2	238.42
1.22	238.42
1.24	236.512
1.26	236.512
1.28	238.42
1.3	238.42
1.32	238.42
1.34	238.42
1.36	236.512
1.38	236.512
1.4	236.512
1.42	236.512
1.44	236.512
1.46	236.512
1.48	236.512
1.5	236.512
1.52	236.512
1.54	236.512
1.56	236.512
1.58	236.512
1.6	236.512
1.62	236.512
1.64	236.512
1.66	236.512
1.68	236.512
1.7	236.512
1.72	236.512
1.74	236.512
1.76	236.512
1.78	236.512
1.8	236.512
1.82	234.605
1.84	234.605
1.86	234.605
1.88	234.605
1.9	234.605
1.92	234.605
1.94	234.605
1.96	234.605
1.98	234.605
2	234.605
2.02	234.605
2.04	234.605
2.06	234.605
2.08	234.605
2.1	234.605
2.12	234.605
2.14	234.605
2.16	234.605
2.18	234.605
2.2	234.605
2.22	232.697
2.24	232.697
2.26	232.697
2.28	232.697
2.3	232.697
2.32	232.697
2.34	232.697
2.36	232.697
2.38	232.697
2.4	232.697
2.42	232.697
2.44	232.697
2.46	232.697
2.48	232.697
2.5	232.697
2.52	232.697
2.54	232.697
2.56	232.697
2.58	232.697
2.6	232.697
2.62	232.697
2.64	232.697
2.66	232.697
2.68	232.697
2.7	232.697
2.72	232.697
2.74	232.697
2.76	232.697
2.78	232.697
2.8	232.697
2.82	232.697
2.84	232.697
2.86	232.697
2.88	232.697
2.9	232.697
2.92	232.697
2.94	232.697
2.96	232.697
2.98	230.79
3	230.79
3.02	230.79
3.04	230.79
3.06	230.79
3.08	230.79
3.1	230.79
3.12	230.79
3.14	230.79
3.16	230.79
3.18	230.79
3.2	230.79
3.22	230.79
3.24	230.79
3.26	230.79
3.28	230.79
3.3	230.79
3.32	230.79
3.34	230.79
3.36	230.79
3.38	230.79
3.4	228.883
3.42	228.883
3.44	228.883
3.46	228.883
3.48	228.883
3.5	228.883
